640
876
711
312
220
898
751
394
177
266
820
889
245
805
614
881
382
546
276
459
93
433
322
593
862
621
326
670
336
590
254
85
794
676
653
455
788
468
227
362
497
314
102
453
837
872
318
535
403
370
766
778
272
97
467
918
645
141
300
388
111
483
749
519
247
598
581
811
280
261
723
506
539
583
274
715
888
886
509
595
577
498
278
246
765
502
160
902
879
644
257
98
291
309
233
531
855
440
424
458
919
466
279
303
204
681
783
505
485
866
721
260
193
791
737
781
181
648
288
477
833
285
600
609
413
844
374
745
828
906
845
631
92
348
525
319
306
572
480
839
688
214
125
636
182
340
910
917
337
868
321
854
622
149
623
206
542
484
463
400
916
105
611
672
666
107
808
470
761
856
163
513
678
689
481
200
815
106
330
760
534
258
554
592
887
331
380
770
399
284
544
610
136
696
427
289
311
785
874
375
777
170
249
347
228
428
846
659
669
390
256
365
875
741
315
350
818
779
201
731
860
784
447
692
202
119
651
863
665
573
252
104
379
156
752
548
787
643
701
882
385
120
912
316
320
401
694
540
328
768
241
369
718
412
641
834
555
439
166
793
674
650
368
408
913
562
545
899
801
799
905
757
444
716
339
786
332
429
178
883
602
637
527
398
657
434
507
750
552
287
205
774
190
179
574
171
812
878
869
421
712
852
224
251
438
813
566
865
307
697
124
771
714
705
80
129
273
897
576
110
384
116
891
115
215
698
880
461
575
243
222
405
823
877
619
250
831
559
518
810
267
358
649
90
516
798
174
416
299
541
139
654
404
367
465
393
529
508
900
570
81
377
295
568
719
487
691
586
836
108
389
221
792
796
391
683
135
338
176
189
652
154
764
843
269
239
703
503
443
894
628
849
207
569
571
87
686
238
127
294
582
114
482
157
442
131
301
446
236
522
101
655
194
493
244
153
264
376
558
496
196
449
633
677
664
355
198
356
528
472
325
634
132
729
218
363
510
183
308
396
557
587
908
667
748
853
94
537
317
660
334
512
561
556
762
533
850
500
803
333
235
395
746
553
821
707
605
192
464
754
255
392
728
492
418
616
479
596
826
682
448
550
145
603
524
699
122
767
597
608
870
450
292
275
473
776
565
859
445
286
457
240
584
169
824
772
795
118
607
612
112
263
435
212
84
476
802
121
604
661
601
560
530
383
242
780
231
361
475
896
873
717
758
410
599
690
357
436
211
726
739
735
253
725
151
538
617
627
140
904
432
790
451
431
454
624
730
216
753
271
387
89
706
155
172
138
103
419
302
817
142
807
234
402
372
536
639
175
184
800
606
210
197
673
693
91
591
579
143
456
297
840
180
782
345
344
423
360
819
842
346
520
625
763
364
265
827
262
341
564
585
646
150
420
237
738
494
86
885
594
618
343
414
290
647
208
109
825
851
521
861
323
656
864
478
349
225
523
835
188
848
871
867
191
342
515
695
96
354
313
632
144
335
743
903
680
187
829
203
702
195
126
720
491
838
209
543
816
296
704
137
281
742
373
147
769
417
814
675
832
797
668
685
892
732
186
700
426
283
830
663
907
230
406
549
293
88
167
806
82
615
226
329
310
613
589
578
259
123
713
733
532
789
327
99
489
501
168
352
893
822
884
722
740
351
504
671
415
526
199
152
915
895
324
471
486
514
499
626
709
133
229
734
161
901
773
409
662
547
173
551
638
248
629
277
165
744
366
858
724
736
441
270
511
378
95
162
305
219
857
83
911
159
158
386
359
708
113
488
890
847
635
495
679
620
232
658
563
490
422
100
282
397
430
134
353
304
425
630
217
727
517
452
146
130
909
588
914
462
687
117
809
756
841
223
474
759
684
710
164
437
580
747
775
381
213
128
407
148
411
469
755
185
567
460
371
804
268
298
